##TITLE=Parameter List, ParaVision 360 V3.6
##JCAMPDX=4.24
##DATATYPE=Parameter Values
##ORIGIN=Bruker BioSpin GmbH & Co. KG
##OWNER=nmrsu
$$ Write Options: Symbolic Enums, RLE encoded arrays, symbol visibility
$$ 2025-07-16 14:30:35.647 +0200  nmrsu@czc2317wsn
$$ /opt/nmrdata/PV-360.3.6/data/nmrsu/20250716_133539_K37_K_RAS_1_1/6/pdata/1/reco
$$ process /opt/PV-360.3.6/prog/bin/parxserver
##$RECO_time=<2025-07-16T14:30:35,519+0200>
##$RECO_abs_time=(1752669035, 519, 120)
##$RECO_base_image_uid=( 65 )
<2.16.756.5.5.200.8323328.13912.1752665769.6088>
##$RECO_fov=( 2 )
2 2
##$RECO_size=( 2 )
75 60
##$RecoAutoDerive=No
##$RecoDim=2
##$RecoSpatDim=2
##$RecoObjectsPerRepetition=40
##$RecoObjectsPerSetupStep=1600
##$RecoSortObjectsPerRepetition=40
##$RecoNumRepetitions=37
##$RecoNumOutputChan=1
##$RecoDescriptionInSliceCount=1
##$RecoDescriptionSliceCount=40
##$RecoDescriptionOutSliceCount=37
##$RecoEncodingFrames=1
##$RecoRepetitionGroupSize=1
##$RecoPreppassProcDim=0
##$RecoPreppassMultiplier=1
##$RECO_inp_order=REV_ALT_ROWS
##$RECO_inp_size=( 2 )
0 40
##$RECO_ft_size=( 2 )
75 60
##$RECO_offset=( 2, 40 )
@80*(0)
##$RECO_qopts=( 2 )
NO_QOPTS NO_QOPTS
##$RECO_wdw_mode=( 2 )
NO_WDW NO_WDW
##$RECO_lb=( 2 )
-0.5 -0.5
##$RECO_sw=( 2 )
0 1
##$RECO_gb=( 2 )
0.5 0.5
##$RECO_sbs=( 2 )
1 1
##$RECO_tm1=( 2 )
0.25 0.25
##$RECO_tm2=( 2 )
0.75 0.75
##$RECO_ft_mode=( 2 )
COMPLEX_FT COMPLEX_FT
##$RECO_pc_mode=( 2 )
FIRST_ORDER_PC FIRST_ORDER_PC
##$RECO_pc_lin=( 2 )
(0, 180) (0, 180)
##$RECO_rotate=( 2, 40 )
@40*(0.5) @40*(0.41260585043101083)
##$RECO_ppc_mode=NO_PPC
##$RECO_ppc_degree=1
##$RECO_transposition=( 40 )
@40*(0)
##$RECO_image_type=MAGNITUDE_IMAGE
##$RECO_image_threshold=0.14999999999999999
##$RECO_wordtype=_16BIT_SGN_INT
##$RECO_map_mode=ABSOLUTE_MAPPING
##$RECO_map_range=( 2 )
-2147483647 2147483647
##$RECO_map_percentile=( 2 )
1 99.900000000000006
##$RECO_map_error=0.025000000000000001
##$RECO_minima=( 1480 )
4.039073655495117 4.2665558857863974 2.507500315191403 2.1217111488775604 
4.4101561917763688 2.5406699715737515 3.165624807226715 3.7921625913884931 
1.2225372641336874 1.0049006395705204 2.0033630495151136 3.0648780432471137 
2.1821393654700256 2.1270886829277371 2.4867574156115744 1.4693811781905222 
1.0202704203600259 1.6762629246582386 0.75651348799490858 2.9844272024443419 
2.1679710866610367 1.7219751834272017 3.0974835286751454 1.9706499142299145 
2.5261165629243556 1.4821920006097598 1.7287644970962881 2.9310669606355773 
0.43864012685146009 0.50502235130402362 1.3227302496856794 1.0840772583150289 
0.92302298873137945 1.5710947013229173 0.83903936593764428 
0.94108255257440054 0.22249075431742499 2.982482607507793 0.34175292847998567 
1.4360713231396038 2.4152097892346709 0.91012776474662893 1.2847472392308235 
2.2011874238875908 3.8279099248844903 3.4058575258897998 1.6233012760495291 
2.0652237162993181 1.3209271771041993 0.39701608136146788 0.56249313702751969 
0.95462976175964631 4.0299805200958945 3.9541657774538184 0.71827280018565509 
0.94878120555219125 0.74165137835643624 1.0702967737631301 1.2379266294207096 
2.1171464903291346 1.0865286427803422 2.9208298452223365 0.41103661581568263 
1.7358444701979383 1.9239533040202974 0.50149605464319458 2.608836165346581 
0.77715439471169256 1.0242716389827733 2.587495818985809 1.6545926499113106 
1.3156400076103056 1.6032882785102447 0.75836144602947719 0.32744300775940111 
1.6883792772114177 0.50047901072725864 1.3592691367028715 2.3239443962152433 
1.1246001739948674 1.748195478059424 2.5709254842953753 1.0028778208415023 
1.5952835179054299 1.2753440796547952 1.1641691148298279 1.4103885313225986 
2.4383348492916372 2.2284095287972474 0.99982774022807741 1.4617699734551786 
1.5852981441737286 2.1144897709717694 2.4919301676377614 3.4685914291245026 
1.084492794636986 0.5743095359144551 0.87732695591190357 3.400275412525366 
1.970647680708242 2.1604723025499077 1.9469505641173097 0.87107830900509264 
1.1988853496700498 1.0500458149450946 2.6399306442635306 0.39863782395507308 
3.9543420781485055 1.0984403703701395 1.9192099869257282 0.53839503955452239 
1.34269315279208 0.37288643123005549 0.69077143042024691 1.0165039111712433 
1.6437236247888605 1.1980617447660611 1.2743302874204623 0.53982288308105886 
0.32947295020745698 2.8500184799408244 1.1339596348509247 0.79926112045750475 
1.834229666337295 0.91269389747340768 1.3746398499874366 4.9705410796575125 
2.3772667321187866 2.6464125789472699 1.7954295922556958 2.5919565600196743 
2.4098618880902065 0.91725538260057482 3.8454620948792329 2.3065614391347249 
1.1501991949282551 2.2261458237779128 1.8212552179326704 2.2757896187167153 
2.4254762519823085 2.7526949253209181 3.3652959344252578 0.27495726269705784 
5.0370413111309835 1.9268713484655995 1.3464069801866854 0.77158481523184463 
4.8658674025833335 2.9460175495442242 0.6693320946913407 2.5378690590389779 
0.9755884870651913 0.90849912446343672 2.2747073342809965 1.9366443918263181 
0.44884932892081736 1.2592319028609524 0.67709603599809098 
0.60510108869845403 1.1362298409168283 2.0793810000767632 2.4420066109201026 
1.4733382906416146 0.48060262317395924 1.397587927848394 0.49855393479835536 
3.8406114153655611 0.73420165705639417 1.5995756578454443 1.4894291432879387 
1.5890530544449553 3.5916473636574544 2.733375226406904 1.4831559520493358 
0.49610145806910921 2.3469780267612061 1.090136533400593 2.2593985051388725 
3.6770634689667379 0.61838104560524376 2.299246751644981 2.0527146515977051 
2.346897327857878 2.2656259955580809 1.5096084789939952 3.00833666513679 
2.3823364524462489 1.260932055362801 2.3031795204819243 1.4528552381430504 
0.5811104008019975 0.13080525003617649 1.0290455611895983 0.89735109452676431 
1.4977059087763362 1.9483892974827355 0.50151934881428173 2.1732234219035451 
1.9315299378014359 2.0580130201166402 2.2721016325411552 3.2334127109549744 
1.9663241900425155 2.5213755830406979 2.1019533916929887 3.0010994205522969 
2.226390095189998 3.4942901822179646 1.0892106136114144 1.1200133246623207 
1.424417639866935 1.0225998229802769 0.64253194412015258 1.9046000109332506 
0.66479226495703869 3.7109422455459069 3.2051699024596108 2.3835064804776755 
2.7137950896809864 2.3949433258228598 1.6985113496229147 2.7844708146193828 
1.3293845030151998 0.44912453597434143 0.99904569150159939 1.7407792266721538 
1.3847538373974293 1.4370696142470667 1.9959442061196213 3.2212052261763322 
2.4855897453948685 1.6351120667264258 2.4696037739381675 0.70844703522917918 
1.1240808049958251 1.7594195794947396 0.26773413892978148 1.7237230106682675 
3.2760427382796244 0.60088374625272023 2.4432650198704193 2.5635092705499321 
0.86271210521040476 1.4096169556281875 1.7055483231283106 1.1500211497196848 
1.0771110938402961 3.0660520692935274 2.1728454782998576 2.3728793008197901 
2.2514580494153464 2.8030235444426568 1.3677986679210605 0.57863653782389146 
1.1198738666291228 1.7209937740713981 1.7121111033568095 3.817039330131534 
1.8824566967003431 5.068305473633866 1.8488145365478015 2.4347913210009193 
2.1551367134267707 2.3254753249402769 2.0737706688110746 1.8459545462943121 
1.8411202584049655 1.208412621124676 2.8749283426291368 0.46917176452317139 
1.5727063113318998 1.4791834606702881 0.64812622380591367 1.3030544293252075 
1.4800314668017964 1.5924500388184255 0.61960453751194089 1.0963271446460106 
1.6771618943494311 1.2519420224811826 0.74827477657147601 1.226083270444394 
1.3597141033507136 2.3789639377977365 1.5320756879482951 0.56691137672106839 
0.89692309531204428 1.0844125771433888 0.96809323714757511 2.9339064858537398 
2.4452218715058578 3.0641283027037778 2.0340941298125226 2.8207888357949487 
2.5919799655665776 0.93066374031238042 0.83266029420108101 2.6465714141458641 
3.0646998279777362 0.48488598274470773 1.4020116908701372 3.9107164648560966 
3.4389381820321003 1.2400321635060736 0.41330057055344527 0.75299370182964731 
1.3748532350455587 2.6258455596680399 1.6865439856153321 2.8729084048113434 
0.55874179707909077 1.1287822444988393 1.4455958192385294 1.4582084382579164 
0.86391186326343095 2.25882583945705 0.9481646854393937 0.63296130260162442 
0.21193719773557229 0.65177945898459633 1.2572225322176294 1.9917844088578367 
0.87835453958998866 1.816140541626909 0.71457764067157881 1.2680287026500201 
1.3032496960726097 2.7911922579835839 1.5473331420820615 0.56443078044547079 
0.32029815257677979 0.93558483815728588 2.0717383880537152 1.5326438791833781 
1.8468342908313715 1.9834550628316625 1.459265842866422 3.1857397457444891 
2.3526736826140686 1.3993033349627315 1.3725076883657954 0.17997980703589911 
1.6133195749785676 1.6683665203821465 2.2132162878609356 2.1102301332496802 
1.1356009112855068 0.41534482490755914 2.7460676459572904 1.6576038727649873 
0.88668436368373027 1.1349554083209721 1.9662022991800727 0.74347541240317105 
0.5754123129827482 0.77089141555911012 1.3371809510661394 1.1509757885080434 
0.75488868078249238 2.44188770111993 1.712544385612746 2.369681135226779 
1.7139453626375796 0.90921374007789679 1.7472811772835488 2.1199209591191561 
1.6013354866988763 1.496602604287278 1.3669317764057272 0.95474686131624231 
3.4223538328924055 2.0500139164489002 2.2578705712213809 3.1321972035441128 
1.5636702618032174 2.1458215544726871 3.1494706853961185 1.9017052229347251 
1.7352744144497543 1.2652358513638065 2.2849670485465672 2.8105842522227795 
1.9759203479801144 0.18249131875141994 1.3713089657886668 1.8672689667670594 
2.5470537597562037 0.59233569252196716 1.6974330172941843 1.1623276976816586 
1.8674016670083073 1.8118982736430607 0.58079618940002087 0.61856063451045162 
1.1461739902356998 0.4748912561502458 0.71044589428932514 2.3015010746340101 
0.59637987189708264 0.65163428973141624 1.1326439327480136 1.7444820144458144 
0.46353904498381665 3.4992260795493535 0.70350760952347358 1.9467626451583224 
0.94722611796818634 2.4111373991177021 1.6702886264041079 2.5762344642348247 
1.9272762118608679 3.2618863939928038 1.4792250277814911 1.7839985910181968 
0.82848022118012221 3.457380450854477 0.97092295049073707 3.1905428768178195 
0.32311303765787747 1.9630105392176997 2.3795769975840444 1.8849640586272027 
3.278481307943053 1.1856429030422091 2.7636188507109862 0.50244777855177181 
0.40031211437077246 0.80582434701122141 1.3861645764035562 1.8538527051305276 
2.8836047939954894 1.9541102287061614 2.9279611870676483 1.1689191777426342 
1.7117684048410025 1.3173318022508527 1.6673006980680927 2.0738136767086801 
1.8527703533642523 0.46561870674210987 1.0648980992941437 0.11833399348202758 
0.44734081530525538 1.588972370908758 1.0923592605348009 0.60074714259666984 
1.3890665911531976 0.59062914478883533 0.7761770748239335 1.8138335506847483 
0.86053956456527791 0.78470783314989501 4.4661830274957897 1.2190257063908148 
1.5849966348406535 1.2892410214888042 1.9654506238999816 1.9619073193380154 
3.675569995704286 0.56911369834342451 1.7566722001236981 3.9655005479722467 
1.0992683645808898 0.37941043937598307 1.3022444740683592 1.7144298963272595 
1.6041049894936088 1.7354680431671003 1.6290379130455672 1.2242932213737217 
1.0302467235985422 2.2606330460870283 0.12654069813394131 2.8336287471315105 
1.4561091496458607 2.8954113463075188 1.4918579559170966 1.5377958730695738 
1.6600551207833025 2.985474503522628 1.6250740073973007 1.1999780405999643 
1.9664026934053491 0.78325359815519713 0.84558488779178653 
0.89188327048987803 1.4723776984141292 0.96447138133716703 1.8492133043335939 
1.0759346810123531 0.19793430801939058 1.1380809134489358 1.5621866632868191 
1.9618289891165379 3.0629076011109726 1.55910772539624 1.7417275778263661 
1.6643613215682493 2.4471701569294537 0.96466124326254576 3.0682263231599785 
2.4415690940538184 1.6175306146520576 2.0652642522577902 4.2999176665413739 
1.4085522740226906 1.8202178533507172 0.69178249629811828 2.1420033156777292 
1.6387839942667002 1.4764692858105137 1.2807426965527897 1.5413391118122 
0.90556392712760003 0.96814374380226687 1.2275638819724128 
0.54754037046637682 1.3705891808913231 0.65175897290268403 1.2261784597116159 
1.2732631516969297 0.58167987446098124 1.6671888515978668 1.8511259589748741 
1.9171352967900464 1.6431488503379292 1.2192755181996868 3.0843046956109172 
1.3533844455658868 1.4628299566130165 0.83695075666344587 1.0203720427480527 
1.0301036244808881 3.0077889620751406 2.2012043020226533 1.7503224147617817 
1.1047854806783686 0.60238061763952722 0.84637428091189992 1.2227764762793187 
0.34853543844931167 2.9617659868816237 0.54050237060191542 1.5413327812802451 
2.4575074275781494 1.8668967894328545 1.9810674215684965 1.0935895062067882 
0.72731778470852149 1.6438520251217374 1.8084178101822923 1.2482134404114771 
0.93878407722283075 1.4234353327312097 2.0322157886768375 1.5321655229801434 
1.1465706355898884 0.26170446957437948 1.9592949889290991 0.58371882231122385 
1.5701161950833962 0.97661307952405951 2.1911750443528479 2.9374336613831384 
0.3272484560747172 0.62445153237449125 0.94239461522903245 1.8032585612197161 
2.6645079719660973 1.4402947130121204 1.0022825335626795 0.054615820120828697 
1.3482425451428932 1.0959413528857216 2.3802002929089419 0.54318968545661861 
1.2533736927782182 1.8050038822425167 2.0200855019789539 3.0377102770973319 
1.0317399414362032 1.6392807779353675 0.55696578185627454 0.8445167554195655 
0.82925903366710607 2.5082119854745182 1.1046240029883376 1.004246143274673 
1.6381123487015112 1.2077231133518955 0.57102224318951211 1.072171999275328 
0.13085386302549268 1.9077264080328082 0.78877965733940869 
0.59518596420538106 0.94650417909715567 0.30138846182566176 
0.58151863232156653 0.79165755653451308 2.6381730306523958 1.0837808160370714 
0.67167550179495605 1.7428898223299758 2.0057818992630048 1.7553461063586273 
1.0407390228968141 1.1994556477721392 0.89996083416371209 2.0318004014283932 
2.1381355921336302 1.2463787144291052 1.3411067647284538 2.1349304472479798 
1.0811103667054092 1.9674775733934002 0.75837417835070842 1.0199265461919247 
1.5197877292237623 1.988902548962487 1.7517588137890663 3.2772859137337713 
0.75954350496644141 1.5142459676646602 0.84603066274256811 1.0583832199866317 
0.56881141490145015 1.5408002673952279 0.51577506030831854 
0.46874396610067087 2.6023675734891474 1.8677422084478799 0.4981518243740049 
1.5616827486472573 1.1802341753252266 0.97289314103728897 0.77610567854195323 
1.1921864323966711 0.33946309457411444 0.47033709890612985 1.6928436518252294 
2.1491427955142517 3.0027007865712934 0.40094257941373795 0.51054336250968124 
1.7428717769321318 1.2691056147811042 2.4781526769077908 3.7103654463828861 
1.2628161200808212 1.2921175915552636 2.010988734881844 1.6164586655389008 
1.1362644381002123 2.5507123908725107 0.53710064157663207 0.33868134780225423 
0.86340362390392411 2.0032664520443189 2.5653440020284988 1.0397541370856604 
0.44043717324849346 4.4105263924631988 1.0486058704904955 0.61801718349912915 
1.811106660822297 1.1083482133958673 1.6192285487612719 1.3866575694847436 
1.0987148745026609 0.83114102569774695 1.7808395922977953 1.2435062224442377 
0.94859786842284477 0.64963832318864845 0.16733107978503442 
0.87012054926857707 1.113251287996075 1.2831379088733617 2.072219560725999 
0.28948906012553099 0.43795875066086154 1.5769771239143129 1.338147633292446 
1.6120269098788833 3.4301169290975726 1.234443572592838 1.1151813601001146 
0.42750204564695865 0.47184101787870369 2.2923205255062871 4.6470514877731004 
1.5203622880002261 3.5436501131133316 1.04547203172074 2.3909797533145363 
0.47111873858442782 1.4401272193576853 2.302653015960626 1.3058639582066156 
1.9354819361621616 0.60503031011794839 1.0807763337595049 0.80293545194823945 
1.0443990617477754 1.2602822449749773 0.40591506370830904 1.1999251962499564 
0.88362022684138464 0.68059640007076738 1.7191927274081216 1.2604118152290642 
0.13923431357645069 1.051293945283486 1.5477966364319333 0.28729478005324938 
0.95616587770040895 0.53882374131183186 2.6694071408515927 
0.51126695795984833 1.4870308962341972 0.71459019821308933 1.1306996063087473 
0.57035361900948012 0.72162809885395485 0.87373417731754999 
0.51813501462787959 2.5220829486120366 0.15759271066016881 1.9987157934563942 
2.0647409890540871 1.7699715348981042 2.614500528535856 0.1836356931581056 
2.1580712060546547 0.57501402870658247 1.3697005899805135 1.3079734928300022 
2.4382777368624224 1.2125067136246377 0.52459867107240621 1.0876259095600727 
3.1432367683956715 1.4614753995792404 1.9810865557362087 2.9070923623008333 
2.339064130032023 0.93173946893397663 1.3956867959887813 1.6003638785428602 
0.46918095766905832 1.2406436344752925 1.4742640836981582 1.049183461423894 
0.70163487060054852 1.5123624156086664 0.30042580802552754 1.4393166362134495 
0.62640272159951016 0.60271269815090023 0.70130405438855237 
0.30835765565412254 1.3505210322555916 0.37352646473151274 
0.63675108399109925 0.50421109527163255 2.1050376493483447 1.17537857866553 
0.83381839290161686 1.6723183781049369 0.48765685870112346 1.5094254206406013 
0.4853153402875548 1.5162846610797458 0.43458277328470385 0.45559991828212903 
1.6313348448163403 1.1925508267479517 0.93419114158472827 1.4058101131558345 
2.1397961648279225 1.1396238300762649 2.0723653478684079 0.40442194417383437 
1.3049717873384075 0.20282620029610052 2.3545936364405451 1.3406291560054542 
1.6421409382480048 1.3165741422459338 0.92340814811578575 0.22897364496346306 
0.85357365700300025 1.8653285578123111 0.83187181826540357 
0.57878670884166505 0.56600344839747319 0.9120281677220462 
0.73537612523664331 0.59083628152131751 1.2799004035127157 
0.65142457782016316 2.2257523769782677 2.4160717781692145 2.3675247488684565 
1.2525707064998364 0.36602184327264764 0.68511512219310577 2.0256633839603286 
1.158374217159801 1.1299085569111929 2.0236303415925665 1.2908390509778029 
0.30815456843572897 1.4282283781193792 1.9587683924423227 2.0551634007829529 
0.73408580045206595 0.60753800398597102 0.94516296564975644 1.398790942157236 
0.31845686901042469 1.1495658843379968 1.4058540881474302 1.5070317640259714 
1.3209625846121282 0.10211189742136241 0.35539348779922197 1.3097449976315965 
0.22990079838830263 0.43648004656593742 0.43121373743202307 
0.42219469211100058 0.64039409473065434 0.48366846240146272 
0.32509898567251921 0.86882922788835748 1.5387637008119137 
0.76293107681269279 0.62183200066001421 1.9363981213965296 1.0358334424051598 
1.8416257406505772 0.79654363785639692 1.9306344611379977 1.4532205465064032 
2.6394540922632972 1.3292477878264968 1.2991170600213289 0.7743044077787069 
2.3104940100481275 0.26133863670229973 1.3569577291993613 1.5672671460241188 
0.49658012077387415 0.49588433378379515 0.57181737715022452 
0.51928673476230702 1.9093256455587748 0.90695834693171695 
0.64516661302266687 0.15653660174440687 1.1592125604435963 
0.30709216722941235 1.7809335573310217 1.894902945054542 2.5258366435150625 
2.283944927885063 1.3067480710232384 0.96877732168229991 0.58703494198133566 
1.6184173448801022 0.81401318851206161 1.9282401313470932 1.2856946190396132 
1.0471583129053339 0.89772039569604312 0.89788530801211708 
0.98233760329612096 1.2780388697836227 2.3269848627086094 1.9642310069417876 
0.38019156306507584 2.2118826111050298 0.56722762453120557 
0.95572180551149943 0.99078676086091555 0.25460061796113553 
1.8518629020822905 0.31450451618874614 0.67722866762029177 1.1175383723130894 
1.7032019375458416 0.97456063486563793 2.3307007880032642 1.4502657555096798 
0.80354899654073353 2.3153491992421547 0.42919479352070833 1.2699378365729714 
0.98287093561398642 1.0645895417042475 1.8246167764382863 0.35679308552818056 
0.91023462567003843 1.5222333985412473 1.0147008154342272 0.55247023312486099 
0.616300168490172 1.3907359940971085 1.2876307620281182 0.36791686785939254 
0.50810988791138778 0.59432830110216317 1.8051354201457741 1.0939033990140807 
0.47713922852894647 0.56236036023835767 1.3853909934465929 
0.58486018775045989 0.036594614413244908 1.1702683338575508 
1.6138215667793512 1.5614096765697858 0.86192918931312623 1.7746968764980953 
1.5552109608206095 1.4896029185028883 0.94466399066485485 0.3279706528817169 
1.1281333880937958 2.8644875184182781 0.89142482103187204 0.7697366050168577 
0.64916266594971439 1.0181649485297133 2.1991103579846283 1.0281449983688513 
1.1910743449193097 1.1693250129174184 0.55731632926038854 1.2829224530128926 
1.0652615326874164 1.136811303607709 1.3598939054498651 0.7728627779274706 
0.53903403726866739 1.6522526435893612 1.5979398359765538 1.496647065313742 
1.162444014060269 0.14819642301307953 1.375614167616847 1.8588415019178446 
0.74433874222525909 1.2204314245677239 1.156569582192631 0.64112662459107517 
0.3453717166096622 1.0855290145344432 1.7368864381886127 1.6495211187964136 
1.8783014489145426 0.93556388240395738 1.1345211840718132 1.4096697163261909 
0.22011327373837711 0.32951026513299969 0.31038947300675301 
1.2574678571622708 2.1454525429896756 1.3185683190352961 0.72898520558586866 
1.2347175773156491 2.2516230612060624 1.0963670745017247 1.7823715128128537 
2.0036398045047537 1.882482720165811 1.539973232484726 1.3305443517896809 
0.79914840254887898 0.42407954187924402 1.8518602739900323 1.2061006915639523 
1.2251289287976319 1.0796691092774682 1.3010385897820662 0.17847909860106448 
0.46255399408509379 0.62141268579203746 1.784486142720914 1.5550366694708169 
1.1254664825105103 2.0491068499273903 0.99301989010151503 1.0044172510761853 
1.2907078505212064 1.0964409745257904 0.42474525830109128 0.90646491676051177 
1.3257218045590424 1.0471012384773666 2.2056952849782716 0.61180008521935103 
0.35130701918261303 1.9598911807798991 1.1042366451836685 1.2404547925271119 
1.423866727760053 1.6963994650547156 1.4442870583495591 2.3246785212520944 
1.1307568536056161 2.151144315738541 1.1731434060478971 1.334060798080674 
0.71130882895116287 1.6278956849535462 0.65953359495511632 1.8117242523510946 
0.16525672171003411 1.5746026710406178 1.4428659189888575 1.0673498966367887 
1.2660025087182751 0.81427848303109118 1.2432341780522804 0.33656259024468088 
1.0601815718285872 0.27320082027627662 0.46911675976611794 
0.93261688156179112 1.6582640802614781 1.6580947026431805 0.80824765078490246 
1.4184780348285944 0.48413118998669241 0.63119421194745273 
0.67789556765520864 0.94453219917290498 0.47173726728765031 
0.46885512490439701 1.147904987619893 1.3460287823723323 2.6224450798459347 
1.3070722730240174 0.31737067372339195 1.197615476223955 1.1526540228693607 
0.72036277281813188 1.8120525379445291 2.0610794344807628 0.84213560344671046 
0.47425471518112189 1.3593763639481029 1.2195424217259287 1.3250072312941279 
1.9944847957483574 2.5196802056095362 0.51345235939376843 1.5992102238090382 
1.2279027135256237 1.7984666827410563 0.58607224420709214 0.56636286991577012 
1.182314812171205 0.27308247034970007 1.0809733518360847 0.48636786722395509 
1.9048978069765996 1.086564519556765 1.2938995624446654 0.93068966656482943 
0.36523230079432828 0.63773910639847609 0.37469360498211202 
0.49077170542604875 0.39168135981618712 1.2110929075871275 
0.32502121059127392 0.55832495329576937 1.9125177997041813 
0.86975702849070857 1.3593863314715662 1.1700490794044947 0.77535365991959915 
2.2162099787665026 1.3970436800275394 0.49558635435233445 0.76445155076459659 
1.655814485212008 0.7366722906186165 0.50627983531704146 0.57061127695932146 
0.53588604638703086 0.94568587065057652 0.51483005949136162 
1.4404619341266256 1.12348171735141 0.30737045993786949 1.0444315314803594 
0.37470770020210037 0.56631455746423243 0.85651079761197968 
0.55815645555142546 1.8250091539734565 1.5025663363509947 1.4493434716470193 
0.74937763681301717 0.96513458577483779 1.4867926753085172 1.0603821286697397 
0.29999150231473437 1.3219782386653756 0.94035171049415833 1.1022540461244381 
0.9505927080990324 0.56085708635056764 0.38485145709975266 2.0171592268058189 
1.0330029378788723 0.10281042618820913 0.45256169275316643 1.0965774489598237 
0.0043492769300432568 0.96597461686907182 2.0992448886809676 
1.2852337180508802 2.8859597355887363 0.7510413433425881 1.5041499488743757 
0.26790245025227122 1.1204178173702286 2.3629696246964342 0.36836808076140931 
2.9127580673486717 0.75131651686750089 1.295414496768112 1.9236066782191574 
0.62874008130075887 0.34327117766586834 1.3592861220476042 1.1044394244547726 
0.30053582396118289 1.0105800643384919 1.5209883618335156 1.1174754932993121 
1.7986590581570447 0.96915289180915609 0.54621637423447911 
0.52238445232183817 0.97190598275936535 0.41327085558982557 1.168602713686091 
0.78121114872394126 0.48904743636847609 0.25069188127167574 
1.6458108158554228 0.91386460890971488 0.60254847549558932 1.2822307788414171 
0.76068714480788802 0.38406888092196306 1.2640243310880686 1.9760843954175282 
1.6055063202013351 0.69850337187774936 0.4725099554652108 1.1175059727159449 
1.4407207374385635 0.19733258514919708 1.6040760339892153 1.1736433268613879 
2.2879916173958978 1.6123832302419874 1.601230869311983 1.1294254341614407 
1.2743824985394991 1.6529572656025904 0.7372639145192097 1.4502782270325298 
0.83982567887704052 0.59377332055475895 1.853797609520226 1.0273143356055989 
0.40080521215599885 0.55324770796497991 2.1990957982636106 1.13160118379439 
1.5257099548839639 1.6355672354660198 0.13467572613171544 0.27971568005142677 
1.0162871774765641 0.31661854913805609 1.1350524792123535 1.1563719718799053 
0.1310472422453155 0.35921301974997943 1.0433916382138695 1.1535282019478075 
0.5570951770334589 1.0296740419739747 0.66614488949064132 0.52954844618711561 
2.4478756328405438 2.8204527246391646 0.66886321528896175 0.85646918116053061 
1.3716626596210393 0.29445002647477792 2.6453328708988151 1.0118092867473607 
0.48087895983566398 0.18060270483339683 0.68259970325117014 
2.1944965885594221 1.3800831792094217 1.0369894618430275 2.6524859051392387 
2.3500321356043887 0.60284408187238359 0.67214998258199354 
0.84809891451796382 0.31423206091202399 1.6123676204886139 1.1884602312903902 
1.6780221560826079 0.8691738083819035 0.44975260452360388 0.4749281715482202 
0.17051937282673219 1.0538702751073079 0.68045947621849423 1.4896023823335582 
1.0645688289538668 0.52615118137824168 0.79061109905992544 
0.20074549346456819 0.46470686286882534 1.7079050415117139 
0.59581064556956109 0.89007417336444372 1.2989862343120109 1.2363424871268351 
2.0064143255079614 2.0319583741782012 1.6981059407814207 0.63650020592609102 
0.98510419094817825 0.56594104312499993 0.90860178786080603 
1.2412892388438079 1.4147164057086046 1.2177450955090769 1.0595744711721113 
0.19747351365334892 0.85313698840555574 0.74930859294698271 
2.3271256296226439 1.9140732215495719 0.52071167747474401 0.16121887587028258 
0.61129129088644774 1.3243427320763796 1.1009538318566341 2.2525207877737903 
1.0074265609391924 0.88007254385168598 1.1417860966688582 0.72035143461148732 
0.43337901997782635 1.008048510504308 1.1144840351911696 0.82694015800713327 
1.0598559456159065 0.43986511268641942 1.059840653853011 0.86697547774210793 
0.52133355963714823 1.5753576948002301 0.95014586303978887 1.343978267206656 
1.1378115400965774 0.57310701182904122 1.0146947081693856 0.97145083905742546 
1.1205898436507185 0.31673039607134806 0.34475933336793912 1.3690896123878284 
0.95295573189903515 0.61069756869658687 0.71993243735189683 
1.3078752068348711 1.8781118608117406 1.7849529525032486 0.59505364780913683 
0.55480316270251917 1.9314468688712967 0.3615395789628123 2.1992421437739269 
0.92203248130393289 1.0326205395409509 0.82874646512131733 
0.98075359671134665 0.32282802737633137 0.6216099483398746 1.285025296986229 
1.4202886828811805 0.50389947619862974 1.6071077039123767 0.52174684954991668 
0.77582860284498278 0.75423822086982317 1.6374070428465817 
0.39784004646077087 0.31357733057056769 0.68338683256845867 
1.2226876502312289 0.41949849374675674 0.80669972166010395 1.2711677902701162 
0.4483491942852551 0.75502411955943138 1.2166380319969188 0.88074415381889937 
2.3327833704110672 1.8568172906987594 1.2072272687277086 1.2062064258424983 
0.55790196639370271 0.21649839630804257 2.735149060503177 1.0074845232483622 
1.4199050665145252 0.62225901935536909 1.2262811930184898 1.1045757219961563 
0.74544002747562765 2.8930065261129121 0.7357367881397201 1.7876329148832559 
0.59370970905199827 1.9797776524105239 0.81727692808551244 1.1049853816457276 
3.0820884801651895 1.3957456841954194 1.3491008151865704 1.0891948741560884 
1.6614212359122114 1.778972191172365 0.49845091125482072 1.0952935268669475 
0.70226321889593968 1.2712245466511161 0.38317143072306753 0.3977837215451015 
0.90530771253249587 1.4622558559272629 1.4427926591295439 1.1087349920832386 
0.90773811956896056 0.70082497463959026 1.0382263209475993 1.7269891013122713 
0.19874006735806884 0.44721339562576762 1.9072458956749159 
0.46635256543734172 0.77633516633741317 0.37708895509944945 
1.3436747173750909 0.2860503661418663 1.3857768652599176 0.25963495265213044 
0.32141946933533172 1.0149123124102648 0.72717531485609188 0.5587679065006419 
0.65044698174166948 1.8725424338810508 1.3007626640673333 0.8301569693635481 
1.5938587879280506 0.70068326929418345 0.58375087854495911 
0.71138244537284301 1.0573888026234008 0.92252882286694238 
0.88337148791350251 1.0482450669719086 1.2855769647213584 1.1354206514080654 
0.7373809492483 0.76060115877967371 0.83741095409906219 1.2395933180665863 
1.6152359952408555 1.8571727429381442 0.29862916083282881 1.0127555455325068 
1.2899851193992278 0.49891160622275099 0.98239069277194491 1.9375255035319174 
0.9127361524838129 2.0588249761683932 0.69905011807911688 1.8974828735190885 
1.7578079311740964 0.51931504616238588 0.88839825485028812 1.7764652449191447 
2.5049875699099164 0.98260980490870486 0.9524673525097932 1.6260497080362637 
0.98935853014261388 0.95719461242579784 1.7191459319270797 
0.60998471097635998 0.26851640456601517 0.54673970745447964 2.531391809724453 
2.3325532322326965 1.4338282302369145 0.28200857311308558 0.69734560549309632 
1.4670922902971011 0.92701398495820853 1.0001326356341889 0.81493853682910955 
0.87654126243436847 1.1110184985611651 1.3201754604518507 1.6663824504500637 
1.0948001101173312 1.5725338915082021 1.5917359864676335 1.4492576752539041 
0.80335039679236753 0.78266339875246038 0.35382954615187301 
1.9828094742193865 0.62104419979590197 0.18399603695792896 2.676638411313125 
0.17881854419687074 1.1076116105493439 0.77115767722465689 2.1569223135820645 
0.90543568732665192 2.4321890058181457 1.8377241878571091 0.50237318634034045 
2.472293289153026 1.404328031290256 0.78639068477843987 0.38518498872162982 
0.71433320568276815 1.4050473880968304 0.7905444819527262 0.70595366139398474 
1.7059290452314513 0.36938259168820731 1.8777185428373382 0.72213072895161867 
0.32092865994276371 2.2698544588097511 0.81629679770725017 
0.46581025589144809 1.0398868015826237 0.82370727598493121 
0.51423291891769729 1.5258300792191435 1.511084405795593 1.3943912458754359
##$RECO_maxima=( 1480 )
8127.8786112652933 6627.9476981315129 7721.4767578294022 7251.877983839714 
6224.0068631452832 6542.0191750763915 6852.3652820994012 6554.8473620096102 
6884.6914622076192 6631.3596145830352 7090.724807701592 8191.625 
8119.3400100826693 8002.3442215481073 7650.3326951032896 7186.6999261687251 
6616.1899683586416 6743.5392702469444 6172.2804349235867 5837.7925012522319 
5975.3887946928644 5427.4956543363305 5588.7100868006864 5383.7373519076455 
5605.6453930592716 4926.8767508728715 4692.0146225792496 5327.0893381784899 
4981.9198924748971 4344.1286716802751 4770.2174577755932 4281.4060875868417 
3383.6622731614739 3008.196056326502 1575.5457660956661 1968.1543841186842 
1872.8094282829122 1702.1807420688547 1538.3506957208463 1578.056541814379 
6889.881392816932 5904.3438046221427 5696.6839976630981 5697.453108700317 
5772.2337292942602 5754.6953761259874 6059.5545201473842 5997.4503624259141 
6262.1751142805924 6121.6369127750841 6778.9764425361363 7932.6449837781138 
7810.4370735279954 7597.4814188776145 7414.4816210239323 6764.5764435061419 
6529.9349029975829 6152.65289064222 5909.2486822579358 5594.6091806174054 
5599.1520657147448 5835.7981430307073 5144.4902166309066 5328.4069379661823 
5389.0663237357558 4854.3292124253321 4163.5148766571338 4674.285024985882 
3952.6129124909144 3816.1414079887413 3807.982508821879 3214.7603480066578 
2645.4934135291874 2525.0610522165543 1342.1864521410585 1468.4677194657734 
1552.9287023655179 1402.9457681798119 1308.9094372451775 1391.0684826711938 
7146.4550630722524 5771.8419123270996 5608.5212530526296 5936.8512537329925 
5935.396314993005 5779.1795230945563 6149.9607875761394 6250.149794943366 
6603.6213447415603 6066.9348819441357 6582.9837339489277 7663.8560832723788 
7811.1189403947137 7413.8569534566022 7241.8891107836234 6899.2933727636319 
6419.6840216732944 6171.685200045843 5650.7501828256081 5492.2249835136463 
5951.0941997943974 5396.2283729628634 5162.7992602553377 5543.0284873556593 
5261.968937203761 4678.7250641930714 4232.1063929195252 4494.5148767336177 
4065.8435320367594 3561.8605734644875 3975.1846664122231 3510.6550250675491 
2211.7866397253842 2399.4261950918517 1447.8002658168846 1339.8458290285357 
1667.7996618465415 1491.01295384738 1316.3349428090717 1228.5789786331636 
7212.0396877041176 6105.5139305627235 5861.0512219547645 5816.7382142219139 
5953.6774037057348 6020.7318998362898 6264.7338954736415 6116.1012279145752 
6374.4115434739033 6335.6904378223508 6562.2832215984808 7938.2719233365478 
7577.6673414782199 7417.8821177659693 7168.1958946638442 6787.2792096416288 
6376.9781183610785 6166.0821827610625 5801.8573506778712 5440.519105874313 
5636.7363784306217 5550.1185971860805 5073.7651705756098 5449.6142163761415 
5249.7179010711525 4794.1544416959587 4260.6648655270046 4630.3663778284417 
4374.2317525911558 3838.1432867425688 3959.127522549823 3672.8176497517347 
2521.2596283541066 2449.5047475704878 1466.6570062459843 1335.1402739858092 
1608.5582803095963 1318.0530194586081 1377.9285980481864 1232.8582568923932 
7040.0800959574026 5858.5587107940837 5763.4048508025817 5416.4215111629428 
5650.8990517331322 5811.8809925499045 6172.1454502889937 6008.1392340550965 
6374.1860400106398 6287.1154803486997 6931.7658097649119 7985.3017127985031 
7829.9818343840125 7338.8621370050305 7203.5452436897122 7048.103722130114 
6690.3772702269889 6001.494078950227 5791.7404240031892 5399.2148123640818 
5610.2549475005208 5491.0971342911271 5031.6326037947374 5355.863196097831 
5315.3379780997602 4683.9954751753876 4163.4970700076074 4550.3367708277892 
4014.0277049888091 3635.43510837335 3898.5294817420408 3274.7278080892675 
2891.0313641806215 2532.6923369281894 1373.8696564123559 1287.0453073803858 
1414.755975753875 1293.73902362796 1284.9476769975208 1370.9779728690039 
7439.9639954259083 6116.4039976348731 6397.4120571132853 5960.6991026612804 
5905.7357583642261 6013.533308160725 6186.3825269172457 6243.8785610393643 
6369.6799016537743 6203.8828409408725 6532.4281151598525 7644.9831378636482 
7793.1306095124983 7509.7675104723694 7363.3947281504061 6909.9257013546812 
6516.2592952302148 5941.8617458809458 5810.4875065586848 5691.2910181018424 
5682.0877179308782 5412.388093556383 5135.8631586310694 5476.5706211422485 
5362.5750939657728 4489.3665176522572 4204.2178768272433 4831.4690570041421 
4134.7403508732405 3571.0452732025983 4029.4645920835183 3268.718818037406 
2731.9542295541992 2778.6321160364628 1409.8554536631177 1392.3032794825731 
1433.0069836018081 1386.1434610904334 1252.6288710608846 1463.5042662263279 
6772.3720659259379 5985.8752999676572 5882.6901158795754 5844.4452748821195 
5817.295170117025 5929.7374418940499 6561.4077165017925 6135.329820605396 
6551.756258046873 6028.042731668239 6673.0128948516985 7683.4007260266408 
7728.3272249189577 7439.0793646526827 7386.3691118248007 6464.0622014040609 
6514.1690489111606 5904.5063155253583 5826.1256690902073 5481.688238983108 
5948.5004623477826 5638.0687255167386 4814.0513523497511 5224.9397758155474 
5236.7910081690889 4460.6034561953611 4055.4080341749313 4595.785615516982 
3935.1056707169773 3599.3996852932391 3932.5920659590847 3480.5298139530446 
2717.7245360573502 2373.2658614431111 1432.8886304521548 1266.9952220146913 
1382.9518566769318 1380.0332989118165 1415.5651489663305 1275.2494503892951 
5265.9141669112141 4935.4535307245105 4095.569258796088 4695.338194450901 
4904.3062125600945 4863.3310353983934 5182.617251980475 5215.1642506708331 
5850.5022824818006 5448.9999256476067 6384.1438506183213 7404.9282225798661 
7348.6259555575543 7070.3725699985571 6851.3841971867541 6426.934397620852 
6045.4894823680515 5827.653144021313 5321.374508943466 5199.059622366578 
5478.659448539458 5239.2406489551431 4747.222904578688 4999.498647681381 
4826.3676517037102 4472.2154826155956 3905.3932476141558 3528.4242906942663 
3388.4171353893198 2895.8689530640418 2849.0676647574164 2231.0691730978556 
1875.7712323441081 1866.8979771911102 1202.843288165577 1035.0063847621066 
946.43220563255204 875.19477742963363 858.36441588120761 844.06589392038211 
5506.8325885658423 4908.1946709008134 3953.7955136610667 4869.1904710348927 
4974.7734104358115 5006.2216830183143 5335.3278238604025 5738.0443838469464 
5826.4028579095057 5480.3781720415618 6393.7591481634508 7667.0743679950965 
7252.5761454169397 6948.556457273794 6566.071713108674 6266.8096872998749 
6014.2434822048117 5777.0479769895637 5397.2621362872251 4958.6913857188974 
5486.0530997933392 5222.2630153319351 4624.3328086664587 4894.4157813584343 
4960.5591303661377 4070.1181314676041 3944.2107338541441 3604.5044889447208 
3287.8075613842066 2836.9443109674571 2893.0416077829964 2324.2219025675613 
1827.3070449680345 1812.5856034802484 1129.0875955334561 1025.945205258852 
1076.1566164452779 991.56876834927459 921.27433725170954 1043.6271111109359 
5641.6330873776942 4624.6615371541484 4205.2717910590563 5100.1462412637238 
5052.9139574932587 5083.6327830105356 5406.4924391211971 5535.06050596367 
5806.2143824027899 5443.7477483919829 6093.2579700001215 7239.4616705735689 
7098.6957957058967 6765.5618630856416 6632.7126049597809 6101.5170133942656 
5976.2088889199813 5806.9992850407307 5351.9773081095664 4960.8785507990387 
5201.2882183197044 5085.5433605895805 4501.3727429779628 4879.6466488350097 
5001.1511750554464 4201.5800849024217 3874.8120713182429 3506.3177627418863 
3485.7565540780452 2914.0000970596088 2923.3248302773563 2628.1437593777646 
1909.938642970425 1979.2827043031753 1220.5342846100928 1059.7326139702157 
1261.7126911698554 1014.3105644632127 950.01699385982465 952.045172991203 
5505.8258870660784 4639.5974521187245 4271.2822329242226 5099.8359976444572 
4941.0713542277763 5033.9387498236229 5569.1979899213375 5377.8049717935137 
5822.707561940736 5732.2495777136846 6571.8957853647753 7247.1725573852464 
7386.4449039293731 7061.3565009892818 6929.008086769747 6482.2643426802315 
6024.2728983422639 5640.2996380421546 5397.8397184505639 5291.988534282943 
5485.5567161884537 5204.6560886251282 4807.0557956193434 4931.4547144337675 
4983.1478323760393 4331.9516554117708 3976.9413191694207 3576.6915506797836 
3386.2525598900747 2916.6108386446804 2808.5262732465508 2336.8135327726181 
1952.6596346999345 1909.9255090548343 1410.1974189461939 1100.385677491658 
1156.2415423869777 1047.1572944545583 953.27884678299768 958.44644781088266 
5858.4911267344814 4879.9539105467575 4360.26438890588 4987.384469705642 
4964.4044991907867 5074.6959178985162 5386.0487051890186 5635.5700077253614 
5701.3619139114853 5334.4877202427597 6355.8961351046801 7286.4202794562279 
7305.1854128608802 7102.1409123395224 6768.2843965578413 6320.593338167012 
6249.7145991870402 5718.5366151380877 5329.5139147780883 5207.0144757954095 
5380.9620093052627 5319.5079211064449 4613.884961233066 5089.6922682136628 
4764.3538539600377 4283.5822538191669 3875.6112326754305 3515.5420009116947 
3427.8603176143884 2713.3370203419627 2883.3625352402914 2371.7178883678366 
2311.3040148219716 2105.624838508872 1169.8168958501237 1079.8466787293899 
1099.7357569924341 1103.9670484634585 979.89097050977273 906.11421527352854 
5513.442041008876 5185.6492599793346 4366.5459202590955 4996.5331621610612 
5317.0399763337746 5007.1330072488172 5464.96268204223 5805.4564377118941 
5833.1339829936751 5327.5979453526534 6258.2660200892451 7237.341145804282 
7243.2940330508418 6856.9492471207395 6718.9295684798244 6246.9168570622714 
5944.2503241703635 5700.766272117924 5323.5942775277827 5089.9412216243782 
5239.0738805250021 5328.6168883583241 4712.5422295860817 5038.4078039811366 
5020.8802420547563 4457.8619320461021 3820.8019483328712 3649.9728235062075 
3290.1441970360679 2995.5077770265852 2952.947024347653 2378.933742400056 
1889.3593806858121 1834.4597576196488 1211.8294717459971 1065.1853211512432 
1184.5496281023356 1032.9727960871337 942.83419642512195 953.19011738035749 
4051.1038181591871 3800.2937701722203 3281.8786581062927 3808.0471079344034 
4213.2503419506083 4161.0610987929394 4467.8181860371169 4577.0699078282732 
4766.8697934272177 5033.9463908002217 5524.5885474213974 6485.5922640954113 
6520.7761991832385 6097.0412336294376 6118.0032812579766 5850.2600443848951 
5509.4078530492261 5413.6775113865497 4938.8531920727892 4621.1770682668903 
5104.2006556212536 4925.6410124600006 4337.7405609588495 4555.0035607256286 
4479.5537426250621 4028.3836850699627 3584.8165293367083 3293.5003913862333 
2761.9596543047278 2426.1413668292635 2221.5537935672392 1708.736663604875 
1435.807799730273 1407.6723209581385 1029.6125928078206 909.33724267826324 
710.1706601422153 819.58767560024148 633.16222782549971 593.33121688000074 
4159.040206517453 3876.675990787759 3123.9468548635955 4094.3838459050417 
4278.6734026752656 4140.8728546889415 4555.1206890847634 4674.3080176434905 
4687.2066136411686 4819.3656202171596 5588.9292640143904 6573.3255674388329 
6457.6422133084325 6149.8795944050862 6089.6831277784595 5777.5859577731535 
5369.8915400827173 5474.8157792486973 4921.7843518252876 4737.276270776666 
4887.8308013331962 4805.8472777879097 4241.1808416938593 4416.7584136594851 
4404.3466646794232 3927.9594439970288 3529.1839702018156 3174.8461513519496 
2729.2105207923601 2312.8165507842536 2123.6014542642447 1628.9209116027102 
1552.6823487299587 1337.3993109490268 1051.7775081927223 887.24488538919866 
864.0751995961275 794.41303111542197 743.92675714012091 818.91204160551854 
4060.1871896787165 3800.8369367258956 3241.8259986907078 4116.3698815635853 
4317.9841999712171 4245.2302855309945 4407.6954615283666 4746.6045630908957 
5102.8514809904054 4617.5398574099227 5317.8846057247865 6397.4226262578959 
6166.6843472052615 5892.4883242507813 5837.1151916372501 5437.0219761989856 
5192.6663142243888 5005.3999078429752 4692.5124257998514 4556.9745714274386 
4985.9983664780102 4588.1795893658127 4320.9154881298173 4307.203762858715 
4386.6612747508771 3831.7512297679373 3463.1675489299259 2985.5188905628333 
2733.691883441591 2273.1789930979198 2058.3553918879152 1926.9795238004472 
1514.6459584555716 1606.4941668141278 1019.2445548077618 897.03255806967934 
826.03174249562301 803.49357553276423 817.51464677269541 712.83371473110901 
3940.2694300560966 3623.7883885589827 3000.9265260730408 4202.629585678008 
4242.6067178591966 4582.7778508901347 4717.1951519672966 4601.8414421472871 
5190.4703111198714 4997.4929699855884 5571.5127218370344 6607.2007992934205 
6517.4993253945267 6268.381147337881 6052.4822372873532 5798.562247265806 
5513.0739052589197 5146.8678369964746 4997.3449653993184 4567.9186768245872 
5086.2481988092886 4780.7306651041263 4176.1634918364334 4536.9453177823461 
4439.6413843614228 3862.4159133983062 3544.4498695495404 3079.9954518329309 
2858.0065084549387 2470.5548752739433 2380.6083731427543 1919.2173987771462 
1628.6134300280103 1378.036070359595 1188.2481866411306 989.99916645411304 
830.15647770707221 833.99437224424651 776.92916926144471 706.90279682621224 
4317.5939919852917 4071.6573482376252 3456.0304081044433 3890.8280284820498 
4108.2103456038603 4240.7243951029786 4321.379673623589 4585.8230444885794 
4816.3604941745971 4837.5707003747566 5595.1665208017475 6497.8453143171555 
6470.6707356796014 6373.2042303964308 6104.1024706219187 5501.4356521161772 
5443.7848787071371 5138.2980128747749 4822.8183564460542 4765.5198785818757 
4763.6288265556532 4931.0243175504884 4324.3474952989436 4281.0071115968249 
4472.5470700810911 3835.0132022569101 3452.1719388606866 3106.8898229443362 
2726.8047027723755 2474.5739838719132 2346.6462537241332 1899.3826477836424 
1509.4384709081501 1454.0130540634689 1063.8202748183253 897.78821694352519 
903.41649380763056 857.87426753285149 721.69410759759171 650.30165853093808 
3985.6654823598096 3942.9702805813554 3503.8657751251781 4419.1523175479961 
4267.4184457814636 4289.7807163969974 4632.0234761432612 4931.3446459965371 
4864.3238051145117 4773.6758111468207 5673.3120815010134 6835.7295249002937 
6628.4977282086147 5872.6153618993249 6122.4038766282492 5514.8037804074065 
5412.7142349630985 5225.1175162227246 4862.9501851638197 4628.4946139167632 
5087.9598167515651 4594.916953835721 4269.9506000325164 4473.0176124220998 
4490.2875175785784 3879.5906683512521 3556.1477209932305 3145.8211416813301 
2787.1472035831198 2320.1521994279237 2138.7610405053506 1893.5084585662526 
1456.6432384952579 1391.0050523206801 1043.6182655643831 935.2500193356135 
957.39550846531347 908.89301172894409 708.09861578854668 760.06435527531312 
3076.852624287475 2607.1214765998197 2465.7415030274751 2824.3474253927443 
2936.8452585963278 3096.0577311350153 3251.5281098360497 3339.6094262194038 
3528.5380809416297 4043.2931481649589 4650.9799046216103 5416.1885279196049 
5286.0524562567407 5173.2835170807375 5122.0840142157795 4893.847122698362 
4601.4023389041249 4395.8686164021883 4132.8834534997141 4031.0216830245345 
4260.3494159323081 4154.2430144200234 3751.9815703542085 3965.3604797219491 
3606.9680801069826 3290.3866998632338 2935.1901285132999 2801.7651276840948 
2249.1280174205353 1790.1826660951283 1610.4096010758826 1380.7381821283411 
1003.740340781358 1067.921816351361 854.18687467854932 756.72368265539205 
565.64001885879395 539.21947536543564 527.9686747778261 511.78903986543651 
2969.0457918906222 3136.7095575872554 2213.580088760395 2985.8434212464904 
3009.3791467920519 3228.2834586135868 3412.017911132566 3701.0255850004137 
3851.8378574211301 3966.6572169949432 4773.327148360856 5501.0857994430698 
5582.6078533051268 5107.0204238153383 5086.2441441017609 4868.1205371265632 
4648.1001179038021 4697.630689739849 4341.6407774218915 3991.5748303372502 
4114.2338625584107 4158.3673589113268 3649.8907990664775 3734.2459516168997 
3716.3086647955715 3479.1002904910961 3161.1335775210669 2672.2255257381235 
2513.0589776992983 1849.7008245652776 1766.9040278507559 1357.2632883796923 
1217.453646300788 1008.8871112769676 877.67901412496383 679.98919211810983 
707.11242728410753 569.4510295727581 479.52699003721943 583.54502671916191 
3363.4592679624275 2814.4566571946079 2355.6973835418776 3143.7412057160964 
3499.4032885027545 3251.1465026857099 3258.4437870318934 3428.288006298123 
3783.3402591606091 3953.988454851316 4383.2568276159791 5452.316259808541 
4862.8675139474426 4725.8496559492005 4824.7270035955435 4514.1791506267837 
4374.726430519082 4237.8076088719381 4026.5025471034883 3923.9351299300702 
4207.6389362759792 3690.3751680954565 3552.237994385584 3882.7309175326532 
3534.2891078179732 3048.9584661486656 2952.1268540589876 2552.1824688318165 
2191.7889978669841 1784.6313439019837 1530.9146307061003 1356.135954143999 
1028.2170553245851 1192.0973510153665 937.21987930114619 723.74185221172672 
715.7319959105688 616.71812528582905 573.38490868115923 561.00763671942389 
3243.1811062586557 3073.0108872714709 2332.4291267116296 3138.5355807417827 
3116.0432327525491 3358.4394438880768 3521.0984424748526 3552.0813043646422 
3786.7510488661278 3869.8930247534563 4848.2665067181251 5521.1613278696041 
5455.6104356812684 4944.9772361512396 5239.8158494769586 4924.6434728302802 
4662.1237281668673 4235.0776120978699 4218.8932227237483 4169.7295073454643 
4348.6023966902076 4115.7071820106385 3610.2687415934311 3980.9394939301978 
3781.7592405695223 3514.3720868899341 3092.9553471876061 2725.1518820680185 
2319.3884626706272 2197.7412209609784 1743.9724312130331 1565.1073076200753 
1085.1071065383419 1166.5793481716232 861.82045566898603 913.25398580033527 
694.61022201278809 677.06586243729112 603.09878074654421 590.45937018942789 
3044.3785135042694 3243.080435203673 2409.521375092243 2819.3760234299498 
2921.2068735046319 3128.8889713597951 3147.1316591741675 3245.0757128572332 
3509.9662714151282 3985.0056956587314 4529.1804675560297 5446.804577129732 
5263.9368076714281 5151.2206343440475 4920.9097895300156 4856.1518289147243 
4480.5539944922239 4508.1645687145792 3970.6059242237393 3957.4021045477971 
3989.5065724691535 4105.2225039089353 3659.526402134883 3761.0055241577652 
3758.3503482291021 3286.765812856353 3019.8916181337572 2714.6513629801466 
2362.8375629940297 1898.395672244457 1709.7710100602387 1461.8009512555507 
1209.1205459644561 1180.9496270111126 857.17391345458884 701.4559487390419 
696.88438452180219 688.72375349575589 634.7005665238687 612.65559148548505 
3298.8109857789268 2896.5284062627193 2177.0222785176784 3033.7387767055679 
3120.571573081691 3167.8298052759524 3162.6829362570084 3576.6896419898699 
3832.2944997100367 3792.9918235159985 4499.1163526177897 5508.7102312197767 
5206.5076533293204 4794.7527116061101 4831.5636949855798 4738.7327929273561 
4534.6672029802421 4314.6764021068902 3953.3104054287332 4021.0886789997289 
4182.4413822540446 3986.9612236394887 3512.5998554945904 3950.5625050576414 
3793.9458530128491 3458.5408810585991 3004.7880745627767 2739.0197215664812 
2321.3597160040836 1813.950647195496 1482.3224376216122 1350.191428812346 
1195.9217300075652 935.48107154661682 841.99449234003669 730.26600163734747 
663.39081675933653 806.38383022664379 567.57640951153826 598.3085030405133 
2571.9590502866381 2067.3330734829046 1806.8526280809597 2263.9480230399272 
2331.2853559167193 2475.8521324853868 2653.143506281217 2910.5922500112292 
2961.9153609206205 3417.3928969677504 4142.0434900210184 4789.3091756661051 
4455.3292546915145 4328.854354823523 4365.87379137261 4119.9696794776182 
4015.6027935092429 3863.8187510252988 3564.6254756138046 3523.1305778771507 
3692.3354326670806 3536.7642556080277 3147.7646451281271 3551.7774266530441 
3184.4713457455455 3121.9679513292931 2597.7301121750515 2339.9343739548235 
1956.0456579097847 1599.4401941683102 1295.7808854989619 1041.2260961987886 
900.82053701200323 818.67930175708057 759.61660853723902 579.15780955845503 
495.71581252865354 460.77731747960706 438.90174779012841 530.81967937020806 
2469.9609369879063 2540.2303193315956 1779.8599966336558 2101.5521005755436 
2442.0038964758105 2333.016817325481 2719.2686254150158 3017.9383495985098 
3105.4985674631157 3673.4661074995956 4065.1589193396562 4873.9750240426174 
4778.3696274067943 4565.3028489569178 4228.0077994144949 4167.6939972148284 
4034.8276526938389 3792.3730681832467 3619.6515584880322 3490.8966907020767 
3598.1096810988474 3605.9309987823694 3237.9283595553857 3278.6875008597408 
3313.1183567793041 2897.2145033993183 2727.8499616968907 2332.1086592583229 
1995.2864268569745 1493.9069784479564 1314.0418520737906 1128.4919143513664 
925.74788949750894 954.09942056787224 833.44662147760391 569.89192929449621 
509.19514034975896 553.45624707768752 500.34323067375101 535.98063980683992 
2681.0305248337668 2286.3492403257846 1846.0922003730896 2370.2563309357292 
2591.3913802186894 2360.3103388022228 2569.6629172250341 2692.9146478587231 
2963.7520792819955 3224.167620827875 3656.4849913719609 4699.1781949361666 
4104.3183793651433 4143.4165812370729 3872.5131253492041 3812.2471509664342 
3625.8359397706126 3608.5534517269725 3274.7993752879961 3266.4709771299481 
3451.9242569344269 3273.4436803473459 2998.9546025469549 3003.7079739368787 
3157.7157395654881 2692.3514607181787 2450.5966317533539 2342.6284144631841 
1964.476805202899 1539.8579300946221 1230.8524085210449 1064.0281845544937 
860.82870070165382 824.59456491453795 720.47477011128581 563.29036624804621 
579.57259478343326 523.74512296312855 555.28799354281227 471.2345423743198 
2628.4507914351511 2523.4566432281517 1858.0544946963773 2563.7791198564155 
2336.5869926754067 2778.1131134229645 2898.6291840817307 2832.2692713720426 
3046.3156393892205 3297.4716147369518 3976.2931010042857 4717.3532857375585 
4625.4435080234634 4412.0508363453337 4405.7670507723797 4151.737242016964 
4020.3311592495829 3801.4911461522779 3515.4023192231675 3498.8536915391155 
3791.4540496243367 3598.1514907185679 3188.2834093762285 3364.938772766634 
3451.1233237009637 2787.5770861465617 2549.8643290502423 2530.5842984576248 
1865.07975924315 1679.5745131356134 1390.6853147439047 1106.3081926641394 
982.72795971650419 936.43741541215684 832.51011535296675 766.21570583504013 
634.62759720162751 529.59584025022457 527.71251838784985 534.23249760742431 
2448.0545951522049 2624.0155412281697 2067.6835485805896 2040.2156034000675 
2279.5182667114113 2353.7226494104552 2428.04228659403 2738.3575545828908 
2854.7670317399957 3252.3144700312864 3814.1494122391387 4697.3693505830297 
4762.6098848251549 4530.3529875616214 4335.8348941469339 4067.8697638125868 
3830.791402642441 3838.804415563704 3669.5425588861058 3407.5503494678433 
3631.7685187864472 3556.0503583468021 3103.1065241955671 3121.966588630672 
3176.3215265662052 2999.258673609289 2605.7057378139043 2290.0082003850216 
2121.8617744818421 1559.380898946685 1455.5545708173634 1308.2376695552205 
993.75547732929817 831.10089915559411 688.17122170357948 658.83713868498637 
692.14035036624944 565.35252764960569 551.63185588896306 583.61626239315763 
2663.1541203531569 2321.9071841858263 1736.2208106818023 2468.8466078835213 
2500.2333202192149 2411.3121345903241 2628.6774892099334 2883.1979950604109 
2939.2007043011677 3317.3281306500344 3996.1239238814069 4895.7342207808169 
4423.5145037338098 4247.4502660774224 4196.8501485518373 3984.1242544452393 
3901.2168206644346 3827.8193573260678 3547.8745318882875 3548.8836229717854 
3785.541492481937 3528.5264130951168 3126.8552511090161 3421.9818716300156 
3208.8293091049686 2864.8686724912714 2620.5737230914624 2350.7801259095695 
2176.8748955715541 1577.6370099264848 1255.6737791659514 1067.7851093631061 
801.8370786656468 823.08343601824595 653.14013265681126 622.09217663524453 
669.27749181857428 529.57648100786537 506.92580947558793 497.21414172312586 
2158.692174935733 1838.0912134337975 1470.7490157733703 1676.7802414465175 
1732.3827466785301 1943.5070143509706 2226.5236213105418 2380.3025836549682 
2569.7097650230021 3076.6266879527061 3503.4748017274724 4377.0507426800241 
3814.4916058766826 3760.2852638554978 3892.0222605444019 3705.6829696167724 
3566.9361860047366 3475.0420343047658 3329.669738468177 3094.5484926627455 
3169.1510730059367 3235.4277307747102 3022.2711001017342 2987.3630438902314 
2859.5732843776286 2608.0312662780248 2396.8922423854169 2088.2592554647126 
1845.5316652070385 1375.8058035992442 965.19435621939101 809.64772237344516 
795.15952181805301 826.48028033949299 621.75064143049042 573.11151693989052 
475.13701693843939 484.87991952750917 544.90149976759994 421.42746515626936 
1849.1853349913706 1872.081130777239 1530.5205055864692 1832.4502436072014 
1941.4093097515215 1879.6515188191045 2253.8685958650181 2630.3444942471924 
2901.3173053395794 3021.427525489506 3517.7249538597962 4174.9524541419969 
3979.9185862372219 3879.973145362515 3945.4137571480596 3695.7185428451921 
3392.9377631083717 3515.4882548872279 3144.7192779763036 3114.841987513837 
3280.4031758618071 3192.3429121404906 2969.915158232538 3019.5794911747962 
2936.5082145980186 2575.6662282715097 2554.4380942473695 2051.5778528991123 
1746.3907023316908 1248.9530604798563 991.70631030879179 965.15880944051287 
792.59142549542355 738.79252076439013 622.40726666777857 550.76988246639098 
453.75596382920469 489.78452541642116 439.69028552951067 512.25231344461838 
2304.0413591291126 1854.9035914921544 1465.944347012339 1929.0658035920285 
1885.4830682131883 1872.6752725550784 2139.1835955270999 2112.4693744925521 
2504.0546109351926 2625.4993147062619 3206.2589405035674 3845.6152698993697 
3498.7848747453627 3417.1819482939004 3487.376900476524 3263.9855699529521 
3145.5734062347346 3196.5714714228757 2798.0752480661113 2890.48823198129 
3120.413803804955 2976.3342416713349 2656.5885407406081 2886.5045993703975 
2568.5789520324429 2229.0884421331457 2051.1863897241765 2047.8176380346422 
1768.6823500349344 1279.4645763757542 904.92801366113724 1070.5327094074989 
725.28428246457122 748.45785480276925 717.87865674111322 531.57173549915376 
531.48524607794729 467.26574177857822 459.40030279085909 521.81723337053393 
2315.3052088144022 2393.4282867923184 1574.8301238195434 1816.0240590716676 
2010.5545777666148 2340.1771711696865 2214.866085482327 2415.407986495125 
2492.9535449099403 2858.798832696054 3501.5375038350453 4251.506960788377 
4101.4398232541416 3669.5822867946135 3794.9452566384607 3623.642585765524 
3402.0568180168007 3394.1102180061093 3185.2941474741842 2926.0081294281613 
3277.886058420223 3249.2900507167042 2863.4460936205428 2716.7001203578366 
2819.5915088008965 2591.0441394700856 2427.0179778551169 2115.8451169624122 
1720.9950510265571 1425.6624138204356 1275.1971137036389 915.02138896135409 
757.46040496882983 848.50536418257366 818.01799909446129 661.6542843531264 
628.69402273736353 598.61837805692119 481.43183641019289 531.68598033936405 
2209.663645179076 2170.5865211599307 1533.5302338263305 1659.1218020888705 
1846.8308526689229 1864.9040956731612 1941.8599763991178 2038.7395153865364 
2420.3367694979338 2767.6304993288945 3508.0308721247579 4203.1883087874867 
3971.3709536584138 3713.9043609165287 3722.430082269927 3870.7554034684226 
3288.9735197667724 3367.1814868124425 2939.8999893323148 3318.2600988686781 
3201.2473163456966 3153.7418188370048 2709.4077812175487 2760.3196827705424 
2870.785385205384 2615.9414625243053 2229.8985732435676 2095.2450175646341 
1849.3859956949077 1496.8685874662096 1190.6756388842596 880.70622731542346 
764.77332644818262 740.45202627499282 644.03389162434792 652.74538744617212 
521.41858874672243 543.23441355400996 498.87085347210342 429.16686569885479 
2255.2280221444057 1921.68901634128 1409.5719664543669 1898.7842361006867 
2086.8648268282991 2035.6541010120802 2019.2892058466898 2283.6013672226391 
2520.1778035934308 2974.503378148514 3452.0263103048201 4163.015094339059 
3784.8231264329193 3704.072874558849 3801.3252765504799 3612.6109904121163 
3454.1587859918322 3292.855270975233 3157.3309336313955 3068.5251678821915 
3238.7324343846203 2994.3290971730048 2795.0175224254804 3124.9360854187476 
2912.5554838767571 2571.5745458051447 2425.661894379622 2057.8667194072787 
1991.1657878977892 1271.822655082399 1056.0246175246593 973.52096430640552 
773.77227782625653 759.76176795603715 697.5678492806436 620.83755597077527 
512.93406204817836 526.85756749560642 489.21805132075514 461.83069613761677
##$RECO_map_min=( 1480 )
@1480*(-450847.77490595978)
##$RECO_map_max=( 1480 )
@1480*(450847.77490595978)
##$RECO_map_offset=( 1480 )
@1480*(0)
##$RECO_map_slope=( 1480 )
@1480*(0.018169381010494402)
##$RECO_byte_order=littleEndian
##$RecoUserUpdate=Yes
##$RecoReverseSegment=40
##$RecoB0DemodOff=0
##$RecoB0DemodDelay=0
##$RecoFTOrder=( 2 )
0 1
##$RecoHalfFTAlgorithm=POCS
##$RecoHalfFT=( 2 )
No Yes
##$RecoHalfFTPos=( 2 )
37 10
##$RecoHalfFTAcq=Yes
##$RecoNoFT=No
##$RecoExportSortedData=No
##$RecoCorrPhase=RecoCorrPhaseOff
##$RecoCorrPhaseRef=-1
##$RECO_map_user_slope=1
##$RECO_map_user_offset=0
##$RecoNumInputChan=1
##$RecoScaleChan=( 1 )
1
##$RecoPhaseChan=( 1 )
0
##$RecoCombineMode=SumOfSquares
##$RecoEncGenInt=3
##$RecoSortDim=2
##$RecoSortSize=( 2 )
40 40
##$RecoSortRange=( 2 )
60 40
##$RecoSortSegment=( 2 )
40 0
##$RecoSortMaps=( 80 )
20 21 22 23 24 25 26 27 28 29 30 31 32 33 34 35 36 37 38 39 40 41 42 43 44 45 
46 47 48 49 50 51 52 53 54 55 56 57 58 59 0 2 4 6 8 10 12 14 16 18 20 22 24 
26 28 30 32 34 36 38 1 3 5 7 9 11 13 15 17 19 21 23 25 27 29 31 33 35 37 39
##$RecoGrappaCoefficients=( 1 )
0
##$RecoSliceGrappaCoefficients=( 1 )
0
##$RecoGrappaAccelFactor=1
##$RecoGrappaAccelFactor2=1
##$RecoGrappaKernelRead=5
##$RecoGrappaKernelPhase=4
##$RecoGrappaKernelPhase2=4
##$RecoGrappaKernelTime=3
##$RecoGrappaNumRefRead=64
##$RecoGrappaNumRefPhase=0
##$RecoGrappaNumRefPhase2=0
##$RecoGrappaIncludeRefLines=No
##$RecoGrappaFirstRepOnly=No
##$RecoGrappaReadCenter=37
##$RecoGrappaPhaseCenter=0
##$RecoGrappaPhaseCenter2=0
##$RecoGrappaTruncThresh=0.050000000000000003
##$RecoGrappaLambda=0.01
##$RecoGrappaCoefReps=1
##$RecoSliceGrappaAccelFactor=1
##$RecoSliceGrappaBlipValue=1
##$RecoSliceGrappaKernelRead=5
##$RecoSliceGrappaKernelPhase=4
##$RecoSliceGrappaNumRefRead=0
##$RecoSliceGrappaNumRefPhase=0
##$RecoSliceGrappaReadCenter=37
##$RecoSliceGrappaPhaseCenter=0
##$RecoSliceGrappaTruncThresh=0.01
##$RecoSliceGrappaLambda=0.01
##$RecoSliceGrappaOff=No
##$RecoGrappa3D=No
##$RecoGrappaCaipirinha=No
##$RecoGrappaTCaipirinha=No
##$RecoGrappaVirtualCoils=No
##$RecoGrappaVirtualCoilsLambda=2
##$RecoGrappaPeak=No
##$RecoGrappaTimeLoop=No
##$RecoGrappaOne=No
##$RecoGrappaOneLambda=0.10000000000000001
##$RecoSegGrappa=No
##$RecoSegGrappaCalibrateFromB0=No
##$RecoSegGrappaInt=0
##$RecoSegGrappaSegments=1
##$RecoSegGrappaTruncThresh=0.01
##$RecoSegGrappaLambda=0.01
##$RecoSegGrappaLambdaSeg=2
##$RecoItGrappa=1
##$RecoCS=No
##$RecoNnDenoising=No
##$RecoNnCpuOnly=No
##$RecoNnParallelProcessing=1
##$RecoNnDifferenceMode=No
##$RecoNnPatchSizeMax=0
##$RecoNnNdIso=1
##$RecoNnPatchBorder=32
##$RecoNnDenoisingLevel=( 1 )
100
##$RecoNnDataConsistency=( 1 )
0
##$RecoNnDataConsistencyCenter=( 1 )
0
##$RecoNnDataConsistencyRatio=( 1 )
0
##$RecoNnDataConsistencyCenterRatio=( 1 )
0
##$RecoNnDenoisingPre=No
##$RecoNnDenoisingLevelPre=0
##$RecoNnDataConsistencyPre=100
##$RecoNnDataConsistencyCenterPre=100
##$RecoNnDataConsistencyRatioPre=100
##$RecoNnDataConsistencyCenterRatioPre=100
##$RecoRegridN=Off
##$RecoStageNrPasses=4
##$RecoStagePasses=( 4 )
(<FIRSTPASS>, 0) (<FTPASS1>, 1) (<PREPPASS>, 2) (<MAPPASS>, 3)
##$RecoStageNrNodes=38
##$RecoStageNodes=( 38 )
(<job0>, 0, <RecoSharedQueueSource 
Q0{queueId=Job_In0;initQueue=true;appendPsId=true;dim=2;procDim=1;sizes={3000,
40};nr=37;dataRep=SIGNED;baseField=COMPLEX;wordSize=4}>) (<job0>, 0, 
<RecoSharedQueueSink QS{queueId=Job_Out0;initQueue=true;appendPsId=true}>) 
(<job0>, 0, <RecoFileSink 
FS{jobNdx=0;writeAcqPars=true;filename="/opt/nmrdata/PV-360.3.6/data/nmrsu/20250716_133539_K37_K_RAS_1_1/6/rawdata.job0"}>) (<job0>, 0, <RecoProgressMonitorFilter PM{reportScanProgress="1/1"}>) (<job0>, 0, <RecoCastFilter CastToFloatMain{dataRep=FLOAT;wordSize=8}>) (<job0>, 0, <RecoAcqOutFilter Av{displayEachAccumulation=1;displayEachScan=0;displayEachPeStep=0;displayFt=0;magnitudeImage=1;shuffle=0;ftSize=75;size=75;offset=0;cnt=1;ndx=0;procnoPath="/opt/nmrdata/PV-360.3.6/data/nmrsu/20250716_133539_K37_K_RAS_1_1/6/pdata/1/";displayObjects=40;modalityType=1;innerObjects=1;outerObjects=1;average=1;numRecs=1;overlayCurves=0;}>) (<job0>, 0, <RecoCastFilter CastToIntMain{dataRep=SIGNED;wordSize=4}>) (<job0>, 0, <RecoTeeFilter TeeStorage>) (<input>, 0, <RecoFileSource FS0{initFromRawJob=0;procDim=1;numChan=1;contData=true;}>) (<input>, 0, <RecoSharedQueueSink JQ0{queueId=Job_Out0;appendPsId=true;initQueue=true;}>) (<compute>, 0, <RecoSharedQueueSource Q0{initFromJob=0;queueId=Job_Out0;appendPsId=true;}>) (<compute>, 0, <RecoBufferSink S0{procDim=1;frameDim=2;bufferId="FIRSTPASS0";memId="out0"}>) (<compute>, 0, <RecoCastFilter CAST0{dataRep=FLOAT; wordSize=8}>) (<compute>, 0, <RecoReverseFilter REV0{segment=\<RecoReverseSegment\>}>) (<compute>, 0, <RecoZfillFilter Z0{fixedSize=\<RECO_ft_size[0]\>; dataPosition=0; fillingPosition=0.5}>) (<compute>, 0, <RecoFTShiftFilter FTS0{frameDim=2; winDirection=0; shift=\<RECO_rotate[0]\>; exponent=1}>) (<compute>, 0, <RecoFTFilter FT0{direction=0; exponent=1}>) (<compute>, 0, <RecoSortFilter REORD0{sortDim=\<RecoSortDim\>; sortSize=\<RecoSortSize\>; sortRange=\<RecoSortRange\>; sortSegment=\<RecoSortSegment\>; sortMaps=\<RecoSortMaps\>; frameDim = 2}>) (<compute>, 1, <RecoBufferSource Q0{procDim=2;frameDim=2;bufferId="FIRSTPASS0";memId="out0"}>) (<compute>, 1, <RecoBufferSink S0{procDim=2;frameDim=2;bufferId="FTPASS10";memId="in0"}>) (<compute>, 1, <RecoFTShiftFilter FTS0{frameDim=2; winDirection=1; shift=\<RECO_rotate[1]\>; exponent=1}>) (<compute>, 1, <RecoHalfFourierFilter FT0{echoPosition=10;direction=1;exponent=1;algorithm=2;}>) (<compute>, 2, <RecoBufferSource Q0{procDim=2;frameDim=2;bufferId="FTPASS10";memId="in0"}>) (<compute>, 2, <RecoBufferSink S0{procDim=2;frameDim=2;bufferId="PREPPASS0";memId="out0"}>) (<compute>, 2, <RecoPhasCorrFilter PHCORR00{winDirection=0; ph0=0.000000; ph1=180.000000}>) (<compute>, 2, <RecoPhasCorrFilter PHCORR10{winDirection=1; ph0=0.000000; ph1=180.000000}>) (<compute>, 2, <RecoMagnitudeFilter G0>) (<compute>, 2, <RecoMinMaxFilter M0{map_min=\<RECO_map_min\>;map_max=\<RECO_map_max\>;}>) (<compute>, 3, <RecoBufferSource Q0{procDim=2;frameDim=2;bufferId="PREPPASS0";memId="out0"}>) (<compute>, 3, <RecoSharedQueueSink S0{initQueue=true;queueId=RecoComp_Out;appendPsId=true;}>) (<compute>, 3, <RecoMapFilter MAP0{symmetricMode=true;minima=\<RECO_minima\>;maxima=\<RECO_maxima\>;slope=\<RECO_map_slope\>;offset=\<RECO_map_offset\>;map_min=\<RECO_map_min\>;map_max=\<RECO_map_max\>;rangeMin=-8191.625000;rangeMax=8191.625000;perRepetitionMode=true;perObjectMode=false;cutoffMode=false;}>) (<compute>, 3, <RecoCastFilter CAST0{dataRep=SIGNED;wordSize=2}>) (<output>, 3, <RecoSharedQueueSource Q{queueId=RecoComp_Out;appendPsId=true;procDim=2;initFromRECO=true;}>) (<output>, 3, <RecoImageDisplayFilter DISP{showAll=1;selectedFrame=\<RecoDisplayFrame\>;modalityType=1;procnoPath="/opt/nmrdata/PV-360.3.6/data/nmrsu/20250716_133539_K37_K_RAS_1_1/6/pdata/1/";}>) (<output>, 3, <RecoFileSink S{writePars=true;shuffle=false;filename="2dseq";numChans=1;}>) (<compute>, 0, <RecoStabCorrFilter NAV0{innerSegments=1;navSize=0;echoSize=75;nEchoes=40;junkSize=0;nSlices=\<NI\>;nSegments=\<PVM_EpiNShots\>;sliding=true;useNav=true;select=0;drift=false;dyncor=0;junkSize0=0;navSize2=0;multiecho=1;amplitude=true;}>) (<compute>, 0, <RecoRegridFilter RGR0{rampForm=5;rampLength=0.363636;ktraject=\<PVM_EpiTrajAdjkx\>;b0traject=\<PVM_EpiTrajAdjb0\>;ksize=75;nechoes=\<PVM_EpiNEchoes\>}>) (<compute>, 0, <RecoEpiGhostFilter EG0{innerSegments=1;nechoes=40;phc=\<PVM_EpiPhaseCorrection[0]\>;nslices=\<NI\>;adjust=0;refecho=11;time=true;center=\<PVM_EpiReadCenter\>;channel=0;maxorder=1;doubleshotadj=0;dyncor=0;usedyn=1;MbNBands=\<PVM_MbEncNBands\>}>)
##$RecoStageNrEdges=31
##$RecoStageEdges=( 31 )
(<job0>, 0, <Q0-\>PM>) (<job0>, 0, <PM-\>CastToFloatMain>) (<job0>, 0, 
<CastToFloatMain-\>Av>) (<job0>, 0, <Av-\>CastToIntMain>) (<job0>, 0, 
<CastToIntMain-\>TeeStorage>) (<job0>, 0, <TeeStorage-\>QS>) (<job0>, 0, 
<TeeStorage-\>FS>) (<input>, 0, <FS0-\>JQ0>) (<compute>, 0, <Q0-\>CAST0>) 
(<compute>, 0, <RGR0-\>REV0>) (<compute>, 0, <REV0-\>Z0>) (<compute>, 0, 
<EG0-\>FTS0>) (<compute>, 0, <FTS0-\>FT0>) (<compute>, 0, <FT0-\>REORD0>) 
(<compute>, 0, <REORD0-\>S0>) (<compute>, 1, <Q0-\>FTS0>) (<compute>, 1, 
<FTS0-\>FT0>) (<compute>, 1, <FT0-\>S0>) (<compute>, 2, <Q0-\>PHCORR00>) 
(<compute>, 2, <PHCORR00-\>PHCORR10>) (<compute>, 2, <PHCORR10-\>G0>) 
(<compute>, 2, <G0-\>M0>) (<compute>, 2, <M0-\>S0>) (<compute>, 3, <Q0-\>MAP0>
) (<compute>, 3, <MAP0-\>CAST0>) (<compute>, 3, <CAST0-\>S0>) (<output>, 3, 
<Q-\>DISP>) (<output>, 3, <DISP-\>S>) (<compute>, 0, <CAST0-\>NAV0>) 
(<compute>, 0, <NAV0-\>RGR0>) (<compute>, 0, <Z0-\>EG0>)
##$ACQ_SetupRecoDisplay=Yes
##$ACQ_SetupImageType=MAGNITUDE_IMAGE
##$RecoDisplay=Yes
##$RecoEachNR=Yes
##$RecoDisplayFrame=-1
##$RecoPrototype=No
##$RecoGradientLinearityCorrection=No
##$RecoGradientLinearityCorrectionDebug=1
##$RecoGradientLinearityCorrectionApprox=No
$$ @vis= RECO RECO_INSTANCE RECO_fov RECO_size RecoAutoDerive RecoDim
$$ @vis= RecoSpatDim RecoObjectsPerRepetition RecoObjectsPerSetupStep
$$ @vis= RecoSortObjectsPerRepetition RecoNumRepetitions RecoNumOutputChan
$$ @vis= RecoDescriptionInSliceCount RecoDescriptionSliceCount
$$ @vis= RecoDescriptionOutSliceCount RecoEncodingFrames
$$ @vis= RecoRepetitionGroupSize RECO_inp_order RECO_inp_size RECO_ft_size
$$ @vis= RECO_wdw_mode RECO_ft_mode RECO_pc_mode RECO_pc_lin RECO_rotate
$$ @vis= RECO_transposition RECO_image_type RECO_wordtype RECO_map_mode
$$ @vis= RECO_byte_order RecoModeUser RecoUserUpdate RecoB0DemodOff RecoWindow
$$ @vis= RecoFTOrder RecoHalfFTAlgorithm RecoHalfFT RecoHalfFTPos
$$ @vis= RecoHalfFTAcq RecoNoFT RecoExportSortedData RecoCorrPhase
$$ @vis= RecoCorrPhaseRef RecoMap RecoNumInputChan RecoScaleChan RecoPhaseChan
$$ @vis= RecoCombineMode RecoEncGenInt RecoSortGroup RecoSortDim RecoSortSize
$$ @vis= RecoSortRange RecoSortSegment RecoSortMaps RecoGrappaGroup
$$ @vis= RecoGrappaCoefficients RecoSliceGrappaCoefficients
$$ @vis= RecoGrappaAccelFactor RecoGrappaAccelFactor2 RecoGrappaFirstRepOnly
$$ @vis= RecoGrappaCoefReps RecoSliceGrappaAccelFactor
$$ @vis= RecoSliceGrappaBlipValue RecoSliceGrappaOff RecoGrappa3D
$$ @vis= RecoGrappaCaipirinha RecoGrappaTCaipirinha RecoGrappaOne
$$ @vis= RecoSegGrappa RecoSegGrappaCalibrateFromB0 RecoSegGrappaInt
$$ @vis= RecoSegGrappaSegments RecoItGrappa RecoCSGroup RecoCS RecoNNGroup
$$ @vis= RecoNnDenoising RecoNnCpuOnly RecoNnParallelProcessing
$$ @vis= RecoNnDifferenceMode RecoNnPatchSizeMax RecoNnNdIso RecoNnPatchBorder
$$ @vis= RecoNnDenoisingLevel RecoNnDataConsistency
$$ @vis= RecoNnDataConsistencyCenter RecoNnDataConsistencyRatio
$$ @vis= RecoNnDataConsistencyCenterRatio RecoNnDenoisingPre
$$ @vis= RecoNnDenoisingLevelPre RecoNnDataConsistencyPre
$$ @vis= RecoNnDataConsistencyCenterPre RecoNnDataConsistencyRatioPre
$$ @vis= RecoNnDataConsistencyCenterRatioPre RecoRegridNGroup RecoRegridN
$$ @vis= RecoStageGroup RecoStageNrPasses RecoStagePasses RecoStageNrNodes
$$ @vis= RecoStageNodes RecoStageNrEdges RecoStageEdges RECO_GS
$$ @vis= ACQ_SetupRecoDisplay ACQ_SetupImageType RECO_GO RecoDisplay
$$ @vis= RecoEachNR RecoDisplayFrame RecoPrototype
$$ @vis= RecoGradientLinearityCorrection RecoGradientLinearityCorrectionDebug
$$ @vis= RecoGradientLinearityCorrectionApprox
##END=
$$ File finished by PARX at 2025-07-16 14:30:35.654 +0200
